5.0000000000000001e-03 8.7746220075295156e-01 2.0000079913283145e-01 9.9999313732862039e-01 3.4189272306107035e+00
1.4999999999999999e-02 8.6769639455678260e-01 2.0000062661260512e-01 9.9999382169298257e-01 3.4574091628112993e+00
2.5000000000000001e-02 8.5825188429607557e-01 2.0000039399575353e-01 9.9999546282971763e-01 3.4954614646138462e+00
3.5000000000000003e-02 8.4915584571600455e-01 2.0000011944352084e-01 9.9999799178711368e-01 3.5329132932386038e+00
4.4999999999999998e-02 8.4053854536986405e-01 1.9999981845799494e-01 1.0000012688894162e+00 3.5691448336234846e+00
5.5000000000000000e-02 8.3262313864877724e-01 1.9999951760973966e-01 1.0000050704857213e+00 3.6030889272735567e+00
6.5000000000000002e-02 8.2564200417357536e-01 1.9999924750498857e-01 1.0000089632096696e+00 3.6335686344251341e+00
7.5000000000000011e-02 8.1974291723968107e-01 1.9999903547879933e-01 1.0000123983744220e+00 3.6597293273667884e+00
8.4999999999999992e-02 8.1495827072280635e-01 1.9999891398292666e-01 1.0000148886701530e+00 3.6812248844957995e+00
9.5000000000000001e-02 8.1122854560979585e-01 1.9999893126113097e-01 1.0000160702094221e+00 3.6981541476368389e+00
1.0500000000000001e-01 8.0843854923447167e-01 1.9999910913667185e-01 1.0000157299773438e+00 3.7109155578650261e+00
1.1499999999999999e-01 8.0644816114984685e-01 1.9999938405088474e-01 1.0000138736610003e+00 3.7200675325559596e+00
1.2500000000000000e-01 8.0511612964620560e-01 1.9999972519982256e-01 1.0000108274926178e+00 3.7262108806541572e+00
1.3500000000000001e-01 8.0431859214399104e-01 2.0000010398728293e-01 1.0000070063446516e+00 3.7298914240401948e+00
1.4500000000000002e-01 8.0396410064501034e-01 2.0000043962238134e-01 1.0000027200584620e+00 3.7315200489282017e+00
1.5500000000000000e-01 8.0400377325591554e-01 2.0000065472832243e-01 9.9999875611351730e-01 3.7313211307351031e+00
1.6500000000000001e-01 8.0443496226499511e-01 2.0000064779281970e-01 9.9999556735474704e-01 3.7293091956338826e+00
1.7499999999999999e-01 8.0530258912964947e-01 2.0000049246468121e-01 9.9999308054177516e-01 3.7252820022193491e+00
1.8500000000000000e-01 8.0669225599819194e-01 2.0000027428208395e-01 9.9999140354924887e-01 3.7188583234081167e+00
1.9500000000000001e-01 8.0871869653535555e-01 2.0000004958718975e-01 9.9999073474003508e-01 3.7095373423074474e+00
2.0500000000000002e-01 8.1151242738540130e-01 1.9999986436245382e-01 9.9999113570504650e-01 3.6967682882943711e+00
2.1500000000000000e-01 8.1520375577825188e-01 1.9999975517247037e-01 9.9999239583696753e-01 3.6800335698244053e+00
2.2500000000000001e-01 8.1990272443821099e-01 1.9999972802863719e-01 9.9999412574321922e-01 3.6589491506876208e+00
2.3499999999999999e-01 8.2567386447612356e-01 1.9999975953642335e-01 9.9999594197433628e-01 3.6333811144990671e+00
2.4500000000000000e-01 8.3250714934410452e-01 1.9999981998214222e-01 9.9999754738030722e-01 3.6035638186464625e+00
2.5500000000000000e-01 8.4029661391095112e-01 1.9999988655536080e-01 9.9999873189372923e-01 3.5701633756661875e+00
2.6500000000000001e-01 8.4885372019898520e-01 1.9999994175898170e-01 9.9999942717798440e-01 3.5341758069113549e+00
2.7500000000000002e-01 8.5797096371586501e-01 1.9999997682322376e-01 9.9999974382258605e-01 3.4966209328049840e+00
2.8500000000000003e-01 8.6749694904480235e-01 1.9999999479909433e-01 9.9999985654960200e-01 3.4582249228105009e+00
2.9499999999999998e-01 8.7736560287473275e-01 2.0000000288981218e-01 9.9999988477010160e-01 3.4193267259175135e+00
3.0499999999999999e-01 8.8757483605834886e-01 2.0000000576530219e-01 9.9999988784518423e-01 3.3799963018986876e+00
3.1500000000000000e-01 8.9814794055793545e-01 2.0000000546060381e-01 9.9999989596108452e-01 3.3402066100821148e+00
3.2500000000000001e-01 9.0910221065993091e-01 2.0000000309827318e-01 9.9999992187051212e-01 3.2999587179903482e+00
3.3500000000000002e-01 9.2043208668234000e-01 1.9999999952898689e-01 9.9999996425552540e-01 3.2593386694937534e+00
3.4500000000000003e-01 9.3210607346238439e-01 1.9999999550137426e-01 1.0000000143008692e+00 3.2185178579073757e+00
3.5499999999999998e-01 9.4407339953528424e-01 1.9999999217898590e-01 1.0000000629636370e+00 3.1777192222211195e+00
3.6499999999999999e-01 9.5627449708041323e-01 1.9999999164867949e-01 1.0000001040984925e+00 3.1371748608320438e+00
3.7500000000000000e-01 9.6864970822928542e-01 1.9999999657663647e-01 1.0000001336731965e+00 3.0970952404493692e+00
3.8500000000000001e-01 9.8114351750580076e-01 2.0000000864075881e-01 1.0000001488516987e+00 3.0576571042139720e+00
3.9500000000000002e-01 9.9370500597009026e-01 2.0000002617128337e-01 1.0000001500960287e+00 3.0190050691748094e+00
4.0500000000000003e-01 1.0062867796989876e+00 2.0000004208117658e-01 1.0000001470093043e+00 2.9812579292011656e+00
4.1500000000000004e-01 1.0188439190128669e+00 2.0000004345104053e-01 1.0000001662537992e+00 2.9445143095794553e+00
4.2499999999999999e-01 1.0313328007746163e+00 2.0000001383636473e-01 1.0000002577117653e+00 2.9088581017514885e+00
4.3500000000000000e-01 1.0437086425359328e+00 1.9999993838071584e-01 1.0000004934382900e+00 2.8743668089455214e+00
4.4500000000000001e-01 1.0559213836826384e+00 1.9999981043334497e-01 1.0000009542885397e+00 2.8411233158313265e+00
4.5500000000000002e-01 1.0679119137376782e+00 1.9999963720821418e-01 1.0000017032573789e+00 2.8092252471200152e+00
4.6500000000000002e-01 1.0796129708223534e+00 1.9999944171996265e-01 1.0000027517374597e+00 2.7787812265049383e+00
4.7499999999999998e-01 1.0909584191265764e+00 1.9999925927497880e-01 1.0000040293232944e+00 2.7498867375455975e+00
4.8499999999999999e-01 1.1018995203956130e+00 1.9999912888093843e-01 1.0000053654993177e+00 2.7225858991397542e+00
4.9500000000000000e-01 1.1124202400184735e+00 1.9999908227188973e-01 1.0000064912281283e+00 2.6968400661557230e+00
5.0500000000000000e-01 1.1225413660134256e+00 1.9999913522947776e-01 1.0000070765197826e+00 2.6725262163064629e+00
5.1500000000000001e-01 1.1323066175143441e+00 1.9999928498540748e-01 1.0000068132956237e+00 2.6494770881694216e+00
5.2500000000000002e-01 1.1417488621831740e+00 1.9999951540358268e-01 1.0000055151274203e+00 2.6275625443986304e+00
5.3500000000000003e-01 1.1508410567920555e+00 1.9999980692417768e-01 1.0000031600303911e+00 2.6067974047203664e+00
5.4500000000000004e-01 1.1594539368840555e+00 2.0000013560019819e-01 9.9999984505843709e-01 2.5874245105739888e+00
5.5500000000000005e-01 1.1673658683720642e+00 2.0000046299468130e-01 9.9999581130446347e-01 2.5698776323630113e+00
5.6500000000000006e-01 1.1743455865604675e+00 2.0000074866612141e-01 9.9999155658621808e-01 2.5545927060068063e+00
5.7499999999999996e-01 1.1802454944376983e+00 2.0000096423563268e-01 9.9998772628713617e-01 2.5418128626626739e+00
5.8499999999999996e-01 1.1850327271336549e+00 2.0000108382957679e-01 9.9998490280980368e-01 2.5315374333042024e+00
5.9499999999999997e-01 1.1887661313092499e+00 2.0000106680158311e-01 9.9998350641297451e-01 2.5235834368320393e+00
6.0499999999999998e-01 1.1915602663111879e+00 2.0000089743159891e-01 9.9998376285072532e-01 2.5176664356553067e+00
6.1499999999999999e-01 1.1935547370116235e+00 2.0000063455994341e-01 9.9998563853242417e-01 2.5134640436419784e+00
6.2500000000000000e-01 1.1948904078179319e+00 2.0000030611712519e-01 9.9998876493387623e-01 2.5106622960343832e+00
6.3500000000000001e-01 1.1956909280453112e+00 1.9999994023001361e-01 9.9999269142398906e-01 2.5089912484125518e+00
6.4500000000000002e-01 1.1960476775164748e+00 1.9999960745475479e-01 9.9999708065377790e-01 2.5082538918437152e+00
6.5500000000000003e-01 1.1960093480908778e+00 1.9999937808392504e-01 1.0000011330726468e+00 2.5083444406238775e+00
6.6500000000000004e-01 1.1955784363148756e+00 1.9999936149193090e-01 1.0000043792513318e+00 2.5092566465157393e+00
6.7500000000000004e-01 1.1947099953171287e+00 1.9999949756537722e-01 1.0000068873722570e+00 2.5110869364748503e+00
6.8500000000000005e-01 1.1933183688367377e+00 1.9999969836948359e-01 1.0000085700474703e+00 2.5140195512676771e+00
6.9500000000000006e-01 1.1912888149200347e+00 1.9999990607908177e-01 1.0000092440861350e+00 2.5183042891742273e+00
7.0500000000000007e-01 1.1884909991912713e+00 2.0000008054815763e-01 1.0000088477975155e+00 2.5242316058211345e+00
7.1499999999999997e-01 1.1847950894016008e+00 2.0000019015715378e-01 1.0000075883131012e+00 2.5321026325780203e+00
7.2499999999999998e-01 1.1800917814411087e+00 2.0000022717954311e-01 1.0000058565018930e+00 2.5421900369834858e+00
7.3499999999999999e-01 1.1743174110799972e+00 2.0000020941835706e-01 1.0000040399318866e+00 2.5546858894279758e+00
7.4500000000000000e-01 1.1674827841893605e+00 2.0000016193281175e-01 1.0000024378150911e+00 2.5696373034985038e+00
7.5500000000000000e-01 1.1596941974140969e+00 2.0000010515795308e-01 1.0000012588653147e+00 2.5868921162884124e+00
7.6500000000000001e-01 1.1511397023030592e+00 2.0000005568428555e-01 1.0000005686151956e+00 2.6061143576609789e+00
7.7500000000000002e-01 1.1420256413666414e+00 2.0000002280557805e-01 1.0000002549956639e+00 2.6269119153900484e+00
7.8500000000000003e-01 1.1325022935920239e+00 2.0000000505826510e-01 1.0000001431612746e+00 2.6490016368695795e+00
7.9500000000000004e-01 1.1226352009589136e+00 1.9999999657005646e-01 1.0000001139545338e+00 2.6722842284841173e+00
8.0500000000000005e-01 1.1124264887121054e+00 1.9999999331003651e-01 1.0000001086524528e+00 2.6968077049572625e+00
8.1500000000000006e-01 1.1018532014350342e+00 1.9999999354470996e-01 1.0000000980518275e+00 2.7226860077625004e+00
8.2500000000000007e-01 1.0908984446017664e+00 1.9999999626795842e-01 1.0000000703440590e+00 2.7500270312763448e+00
8.3499999999999996e-01 1.0795680934037768e+00 2.0000000041045229e-01 1.0000000274185294e+00 2.7788891692759004e+00
8.4499999999999997e-01 1.0678938084845322e+00 2.0000000455098732e-01 9.9999997825174680e-01 2.8092680291990795e+00
8.5499999999999998e-01 1.0559263835621855e+00 2.0000000657939840e-01 9.9999993193028236e-01 2.8411069582997803e+00
8.6499999999999999e-01 1.0437253231997137e+00 2.0000000375473376e-01 9.9999989493122021e-01 2.8743191509396966e+00
8.7500000000000000e-01 1.0313502050664682e+00 1.9999999383568628e-01 9.9999987192005069e-01 2.9088078918516427e+00
8.8500000000000001e-01 1.0188564902408312e+00 1.9999997722066615e-01 9.9999986569295174e-01 2.9444770935009048e+00
8.9500000000000002e-01 1.0062950742543255e+00 1.9999995914907923e-01 9.9999987300384185e-01 2.9812325388103038e+00
9.0500000000000003e-01 9.9371333927965066e-01 1.9999995061103787e-01 9.9999987650485089e-01 3.0189789257425814e+00
9.1500000000000004e-01 9.8115618502203805e-01 1.9999996684884919e-01 9.9999983641720414e-01 3.0576166720940856e+00
9.2500000000000004e-01 9.6866720720406707e-01 2.0000002317981791e-01 9.9999968778730519e-01 3.0970379104925279e+00
9.3500000000000005e-01 9.5629118281714787e-01 2.0000012907989409e-01 9.9999934931128920e-01 3.1371177543393678e+00
9.4500000000000006e-01 9.4407823376377531e-01 2.0000028252442370e-01 9.9999874649669396e-01 3.1776987671137573e+00
9.5500000000000007e-01 9.3208762322351846e-01 2.0000046701159341e-01 9.9999784504617362e-01 3.2185745850410359e+00
9.6499999999999997e-01 9.2038681915237552e-01 2.0000065322977326e-01 9.9999668294330391e-01 3.2594882786269519e+00
9.7499999999999998e-01 9.0904210238862115e-01 2.0000080564961215e-01 9.9999538840168067e-01 3.3001619587499915e+00
9.8499999999999999e-01 8.9810215119121728e-01 2.0000089188383527e-01 9.9999417754478248e-01 3.3403578074668414e+00
9.9500000000000000e-01 8.8758264897030881e-01 2.0000089122907178e-01 9.9999333016279213e-01 3.3799443848622732e+00
